dk=[1 0.7 -0.45 -0.6];
pk=[0.8 -0.44 0.16 0.02];

Ejercicio5(50,dk,pk);